106 3 15 6 1
634 4 105 5 1
106 3 15 6 1
634 4 105 5 1
106 3 15 6 1
634 4 105 5 1
106 3 15 6 1
634 4 105 5 1
106 3 15 6 1
634 4 105 5 1
106 3 15 6 1
634 4 105 5 1
106 3 15 6 1
634 4 105 5 1
106 3 15 6 1
634 4 105 5 1
106 3 15 6 1
634 4 105 5 1
106 3 15 6 1
634 4 105 5 1
106 3 15 6 1
634 4 105 5 1
106 3 15 6 1
634 4 105 5 1
106 3 15 6 1
634 4 105 5 1
106 3 15 6 1
634 4 105 5 1
106 3 15 6 1
634 4 105 5 1
106 3 15 6 1
634 4 105 5 1
106 3 15 6 1
634 4 105 5 1
106 3 15 6 1
634 4 105 5 1
106 3 15 6 1
634 4 105 5 1
106 3 15 6 1
634 4 105 5 1
106 3 15 6 1
634 4 105 5 1
106 3 15 6 1
634 4 105 5 1
106 3 15 6 1
634 4 105 5 1
106 3 15 6 1
634 4 105 5 1
106 3 15 6 1
634 4 105 5 1
106 3 15 6 1
634 4 105 5 1
106 3 15 6 1
634 4 105 5 1
106 3 15 6 1
634 4 105 5 1
106 3 15 6 1
634 4 105 5 1
106 3 15 6 1
634 4 105 5 1
106 3 15 6 1
634 4 105 5 1
106 3 15 6 1
634 4 105 5 1
106 3 15 6 1
634 4 105 5 1
106 3 15 6 1
634 4 105 5 1
106 3 15 6 1
634 4 105 5 1
106 3 15 6 1
634 4 105 5 1
106 3 15 6 1
634 4 105 5 1
106 3 15 6 1
634 4 105 5 1
106 3 15 6 1
634 4 105 5 1
106 3 15 6 1
634 4 105 5 1
106 3 15 6 1
634 4 105 5 1
106 3 15 6 1
634 4 105 5 1
106 3 15 6 1
634 4 105 5 1
106 3 15 6 1
634 4 105 5 1
106 3 15 6 1
634 4 105 5 1
106 3 15 6 1
634 4 105 5 1
106 3 15 6 1
634 4 105 5 1
106 3 15 6 1
634 4 105 5 1
106 3 15 6 1
634 4 105 5 1
106 3 15 6 1
634 4 105 5 1
106 3 15 6 1
634 4 105 5 1
106 3 15 6 1
634 4 105 5 1
106 3 15 6 1
634 4 105 5 1
106 3 15 6 1
634 4 105 5 1
106 3 15 6 1
634 4 105 5 1
106 3 15 6 1
634 4 105 5 1
106 3 15 6 1
634 4 105 5 1
106 3 15 6 1
634 4 105 5 1
106 3 15 6 1
634 4 105 5 1
106 3 15 6 1
634 4 105 5 1
106 3 15 6 1
634 4 105 5 1
106 3 15 6 1
634 4 105 5 1
106 3 15 6 1
634 4 105 5 1
106 3 15 6 1
634 4 105 5 1
